      0.008807003569576054
       0.02030071490019344
        0.0313360241670545
       0.04163837078835234
       0.05096505990862017
       0.05909726598075913
       0.06584431922458837
        0.0710480546591911
       0.07458649323630186
       0.07637669356536296
       0.07637669356536295
       0.07458649323630184
        0.0710480546591911
       0.06584431922458836
       0.05909726598075913
       0.05096505990862017
       0.04163837078835234
       0.03133602416705449
       0.02030071490019343
      0.008807003569576054
