      0.003435700407452558
       0.01801403636104315
       0.04388278587433708
       0.08044151408889061
        0.1268340467699247
        0.1819731596367425
        0.2445664990245865
        0.3131469556422902
        0.3861070744291775
        0.4617367394332513
        0.5382632605667487
        0.6138929255708225
        0.6868530443577098
        0.7554335009754135
        0.8180268403632575
        0.8731659532300753
        0.9195584859111094
        0.9561172141256629
        0.9819859636389568
        0.9965642995925474
