     0.0003673172452528709
     0.0008546963267590277
      0.001341962685776755
      0.001827980600663182
      0.002312225031711063
      0.002794214001932767
       0.00327347422542267
      0.003749536627732363
      0.004221935734834484
      0.004690209826847219
      0.005153901287434483
      0.005612557011592987
      0.006065728831489738
      0.006512973946485751
      0.006953855351859373
      0.007387942263720641
      0.007814810538773004
      0.008234043088072625
      0.008645230284161818
      0.009047970361064106
      0.009441869806687488
      0.009826543747217698
       0.01020161632310477
       0.01056672105626388
       0.01092150120812375
       0.01126561012816817
       0.01159871159262709
       0.01192048013298409
       0.01223060135397852
       0.01252877224078979
       0.01281470145510407
       0.01308810961977283
       0.01334872959178548
       0.01359630672328845
       0.01383059911039622
       0.01405137782955059
       0.01425842716119753
       0.01445154480056259
       0.01463054205531914
       0.01479524402995629
       0.01494548979666636
       0.01508113255258454
       0.01520203976322737
       0.01530809329199017
       0.01539918951557628
       0.01547523942524548
       0.01553616871378325
       0.01558191784810492
       0.01561244212742464
       0.01562771172693167
       0.01562771172693167
       0.01561244212742464
       0.01558191784810492
       0.01553616871378325
       0.01547523942524548
       0.01539918951557628
       0.01530809329199017
       0.01520203976322737
       0.01508113255258455
       0.01494548979666636
       0.01479524402995629
       0.01463054205531914
       0.01445154480056259
       0.01425842716119753
       0.01405137782955059
       0.01383059911039622
       0.01359630672328845
       0.01334872959178548
       0.01308810961977283
       0.01281470145510407
       0.01252877224078979
       0.01223060135397852
       0.01192048013298409
       0.01159871159262709
       0.01126561012816817
       0.01092150120812375
       0.01056672105626388
       0.01020161632310477
      0.009826543747217696
      0.009441869806687488
      0.009047970361064105
      0.008645230284161819
      0.008234043088072625
      0.007814810538773004
      0.007387942263720641
      0.006953855351859373
       0.00651297394648575
      0.006065728831489738
      0.005612557011592987
      0.005153901287434483
       0.00469020982684722
      0.004221935734834484
      0.003749536627732363
       0.00327347422542267
      0.002794214001932767
      0.002312225031711062
      0.001827980600663182
      0.001341962685776755
     0.0008546963267590274
     0.0003673172452528709
