     0.0001431366132793599
     0.0007540246802020811
      0.001852432633437373
      0.003437531481278233
      0.005507802378504068
      0.008061229646971424
       0.01109532075654079
       0.01460711211814675
       0.01859317287209217
       0.02304960853725407
       0.02797206493187193
       0.03335573247846013
       0.03919535092733295
       0.04548521450873511
       0.05221917751463645
       0.05939066030749074
       0.06699265575141761
       0.07501773606020429
       0.08345806005579953
       0.09230538083041179
        0.1015510538048427
        0.1111860451752522
        0.1212009407401464
        0.1315859550989896
        0.1423309412134718
         0.153425400322099
        0.1648584921984295
        0.1766190457429354
        0.1886955698981461
        0.2010762648764107
        0.2137490336893094
        0.2267014939674529
        0.2399209900591185
        0.2533946053959045
         0.267109175113321
        0.2810512989139843
        0.2952073541608493
         0.309563509187685
        0.3241057368137892
        0.3388198280497354
         0.353691405980764
        0.3687059398142483
         0.383848759077513
         0.399105067952132
        0.4144599597306984
         0.429898431381943
        0.4454053982099694
        0.4609657085932817
        0.4765641587892042
        0.4921855077892285
        0.5078144922107716
        0.5234358412107958
        0.5390342914067183
        0.5545946017900305
        0.5701015686180569
        0.5855400402693016
         0.600894932047868
         0.616151240922487
        0.6312940601857517
         0.646308594019236
        0.6611801719502646
        0.6758942631862108
         0.690436490812315
        0.7047926458391507
        0.7189487010860157
         0.732890824886679
        0.7466053946040955
        0.7600790099408815
         0.773298506032547
        0.7862509663106906
        0.7989237351235894
        0.8113044301018539
        0.8233809542570647
        0.8351415078015705
        0.8465745996779011
        0.8576690587865282
        0.8684140449010104
        0.8787990592598536
        0.8888139548247478
        0.8984489461951572
        0.9076946191695883
        0.9165419399442005
        0.9249822639397958
        0.9330073442485824
        0.9406093396925093
        0.9477808224853635
        0.9545147854912649
         0.960804649072667
        0.9666442675215399
         0.972027935068128
         0.976950391462746
        0.9814068271279078
        0.9853928878818532
        0.9889046792434593
        0.9919387703530286
         0.994492197621496
        0.9965624685187218
        0.9981475673665626
         0.999245975319798
        0.9998568633867206
